[gd_scene load_steps=4 format=3 uid="uid://cb4ja2303xf4p"]

[ext_resource type="PackedScene" uid="uid://b42l3mfmo3oy1" path="res://models/player.blend" id="1_6cmfa"]
[ext_resource type="Script" path="res://scenes/player_visuals.gd" id="2_yrk27"]
[ext_resource type="PackedScene" uid="uid://vo11ijbtt3xo" path="res://scenes/gun.tscn" id="3_x167g"]

[node name="player" instance=ExtResource("1_6cmfa")]
transform = Transform3D(1, 0, 0, 0, 1, 0, 0, 0, 1, 0, -0.132495, 0)
script = ExtResource("2_yrk27")
gun_mode = 1

[node name="Skeleton3D" parent="Armature" index="0"]
bones/0/position = Vector3(0.466694, -1.06589, -71.5472)
bones/0/rotation = Quaternion(-0.731976, -0.044363, 0.015659, 0.679704)
bones/1/rotation = Quaternion(0.0395362, 0.0155346, 0.0207689, 0.998882)
bones/2/rotation = Quaternion(0.0143017, 0.00423999, 0.0143094, 0.999786)
bones/3/rotation = Quaternion(0.0160157, 0.00459485, 0.0142776, 0.999759)
bones/4/rotation = Quaternion(0.0269649, -0.00219336, 0.00558638, 0.999618)
bones/5/rotation = Quaternion(-0.0673835, 0.00846923, -0.000872829, 0.997691)
bones/8/rotation = Quaternion(0.636207, 0.399674, -0.498477, 0.432461)
bones/9/position = Vector3(-1.42361e-06, 23.1298, -1.98795e-06)
bones/9/rotation = Quaternion(0.529637, 0.166171, 0.154849, 0.817248)
bones/10/rotation = Quaternion(-0.00120165, -0.0626361, 0.00847775, 0.998)
bones/11/position = Vector3(3.71745e-06, 23.9657, 7.18127e-06)
bones/11/rotation = Quaternion(0.0532085, -0.210655, 0.0292223, 0.975674)
bones/12/rotation = Quaternion(0.0656806, 0.0101197, 0.0119077, 0.997718)
bones/13/rotation = Quaternion(0.140297, 0.000239681, -0.00717931, 0.990083)
bones/14/rotation = Quaternion(0.073795, -0.0201487, 0.214547, 0.973713)
bones/15/position = Vector3(1.1121, 2.37571, 0.028607)
bones/18/rotation = Quaternion(0.670683, -0.416291, 0.477472, 0.385885)
bones/19/rotation = Quaternion(0.424962, -0.219779, -0.225517, 0.848674)
bones/20/rotation = Quaternion(-0.00521974, -0.0134452, -0.0522024, 0.998532)
bones/21/position = Vector3(2.71759e-06, 23.2933, -2.32246e-06)
bones/21/rotation = Quaternion(0.0535171, 0.177306, -0.0139291, 0.982601)
bones/22/rotation = Quaternion(0.0583409, -0.000723609, -0.0160807, 0.998167)
bones/23/rotation = Quaternion(0.14003, 0.0129486, -0.0850231, 0.986405)
bones/24/position = Vector3(-0.657199, 3.8116, 0.0873121)
bones/24/rotation = Quaternion(0.0268704, 0.0215748, -0.178936, 0.983257)
bones/25/position = Vector3(-0.775601, 1.31401, 0.150397)
bones/29/rotation = Quaternion(-0.13469, -0.0762041, -0.983346, 0.0953047)
bones/30/rotation = Quaternion(-0.211272, -0.00129854, 0.0213038, 0.977194)
bones/31/rotation = Quaternion(0.728543, 0.135165, -0.18504, 0.645536)
bones/32/rotation = Quaternion(0.0349015, 0.015664, 0.0863569, 0.99553)
bones/35/rotation = Quaternion(0.0922005, 0.0738563, -0.992924, 0.0121176)
bones/36/rotation = Quaternion(-0.0642712, 0.0826979, -0.0143873, 0.994396)
bones/37/rotation = Quaternion(-0.239679, 0.762735, -0.568632, -0.193513)
bones/38/rotation = Quaternion(0.253224, 0.684844, -0.398422, 0.555091)

[node name="GunTipIK" type="SkeletonIK3D" parent="Armature/Skeleton3D" index="0"]
process_priority = 1
root_bone = &"mixamorig_LeftShoulder"
tip_bone = &"mixamorig_LeftHand"
override_tip_basis = false
target_node = NodePath("../../../gun_skeleton/BoneAttachment3D/gun_stowed/gun/tip")

[node name="GunHandleIK" type="SkeletonIK3D" parent="Armature/Skeleton3D" index="1"]
process_priority = 1
root_bone = &"mixamorig_RightShoulder"
tip_bone = &"mixamorig_RightHand"
override_tip_basis = false
target_node = NodePath("../../../gun_skeleton/BoneAttachment3D/gun_stowed/gun/handle")

[node name="head" parent="Armature/Skeleton3D" index="2"]
transform = Transform3D(7.00294, -99.7161, 2.76793, 1.9463, -2.63763, -99.9463, 99.7355, 7.05305, 1.75607, -4.25403, -1.21412, -191.056)
bone_idx = 7

[node name="leftArm_2" parent="Armature/Skeleton3D" index="3"]
transform = Transform3D(-36.5141, -15.0791, 91.8659, -93.0102, 1.69328, -36.691, 3.97714, -98.842, -14.6434, 36.4402, 1.31531, -77.2664)
bone_idx = 16

[node name="leftArm" parent="Armature/Skeleton3D" index="4"]
transform = Transform3D(-36.8674, -16.3593, 91.5051, -92.9233, 3.8811, -36.7449, 2.45983, -98.5765, -16.6325, 31.5564, 2.89338, -112.14)
bone_idx = 17

[node name="rightArm_2" parent="Armature/Skeleton3D" index="5"]
transform = Transform3D(96.8372, 8.95141, 23.2901, -22.8726, -5.45044, 97.1963, 9.96985, -99.4493, -3.23063, -34.9663, 1.34063, -70.9876)
bone_idx = 26

[node name="rightArm" parent="Armature/Skeleton3D" index="6"]
transform = Transform3D(26.9518, -15.0459, -95.1169, -96.1377, 1.51963, -27.4814, 5.58026, 98.85, -14.0552, -31.615, 0.841504, -105.604)
bone_idx = 27

[node name="body" parent="Armature/Skeleton3D" index="7"]
transform = Transform3D(99.8573, -0.0133658, -5.34055, 5.33987, -1.36634, 99.848, -0.0863167, -99.9907, -1.36368, 1.18655, -0.874746, -109.326)
bone_idx = 28

[node name="body" parent="Armature/Skeleton3D/body" index="0"]
transform = Transform3D(1, 1.86265e-09, 2.98023e-08, -5.58794e-09, 0.994765, 0.102185, -5.96046e-08, -0.102185, 0.994765, 0, 0, 0)

[node name="leftLEg" parent="Armature/Skeleton3D" index="8"]
transform = Transform3D(14.0236, 97.4276, 17.6412, 22.5957, -20.4963, 95.2331, 96.3991, -9.36891, -24.8888, 19.1838, 9.92954, -42.0178)
bone_idx = 34

[node name="rightLeg" parent="Armature/Skeleton3D" index="9"]
transform = Transform3D(2.77401, 96.3357, -26.6784, -8.37272, 26.8188, 95.9721, 99.6102, -0.428568, 8.80988, -16.2925, -0.840326, -41.8332)
bone_idx = 40

[node name="gun_skeleton" type="Skeleton3D" parent="." index="2"]

[node name="gun_first_person" parent="gun_skeleton" index="0" instance=ExtResource("3_x167g")]
transform = Transform3D(1, 0, 0, 0, 1, 0, 0, 0, 1, -0.250652, 1.06319, 0.423069)
visible = false

[node name="BoneAttachment3D" type="BoneAttachment3D" parent="gun_skeleton" index="1"]
transform = Transform3D(0.998573, -0.000133658, -0.0534055, 0.000863148, 0.999906, 0.0136364, 0.0533987, -0.0136631, 0.99848, 0.0118655, 1.09326, -0.00874707)
bone_name = "body"
bone_idx = 28
use_external_skeleton = true
external_skeleton = NodePath("../../Armature/Skeleton3D")

[node name="gun_idle" type="Node3D" parent="gun_skeleton/BoneAttachment3D" index="0"]
transform = Transform3D(0.324093, -0.0264076, 0.945652, -0.000484832, 0.999602, 0.0280803, -0.94602, -0.00955915, 0.323953, -0.0469075, -0.070896, 0.28684)

[node name="gun_stowed" type="Node3D" parent="gun_skeleton/BoneAttachment3D" index="1"]
transform = Transform3D(0.104209, -0.875384, 0.472058, 0.0989302, -0.463165, -0.880729, 0.989619, 0.138481, 0.0383361, -0.189505, 0.352484, -0.281979)

[node name="gun" parent="gun_skeleton/BoneAttachment3D/gun_stowed" index="0" instance=ExtResource("3_x167g")]
unique_name_in_owner = true

[node name="tip" type="Marker3D" parent="gun_skeleton/BoneAttachment3D/gun_stowed/gun" index="1"]
transform = Transform3D(1, 1.30385e-08, 1.19209e-06, 5.43892e-07, 1, -4.47035e-08, -2.98023e-08, 5.58794e-08, 1, 0.0176065, -0.0670089, 0.712633)

[node name="handle" type="Marker3D" parent="gun_skeleton/BoneAttachment3D/gun_stowed/gun" index="2"]
transform = Transform3D(1, 5.02914e-08, 1.49012e-07, 3.53903e-08, 1, -7.45058e-09, -8.9407e-08, -7.45058e-09, 1, 0.0164987, -0.100369, -0.0505382)

[node name="gun_aim_idle" type="Node3D" parent="gun_skeleton/BoneAttachment3D" index="2"]
transform = Transform3D(0.642282, 0.0532264, 0.764619, 0.0259726, 0.995502, -0.0911157, -0.766029, 0.0783812, 0.63801, -0.112425, 0.239207, 0.393362)

[node name="gun_aim_run" type="Node3D" parent="gun_skeleton/BoneAttachment3D" index="3"]
transform = Transform3D(0.94248, -0.178349, 0.282706, 0.0899221, 0.949864, 0.299455, -0.321938, -0.256809, 0.911266, -0.170172, 0.389317, 0.404395)

[node name="gun_aim_walk" type="Node3D" parent="gun_skeleton/BoneAttachment3D" index="4"]
transform = Transform3D(0.813066, -0.124569, 0.568691, 0.0230013, 0.982953, 0.182426, -0.581718, -0.135243, 0.802069, -0.196982, 0.360155, 0.453303)
