[gd_scene load_steps=11 format=3 uid="uid://du2nfew7mji53"]

[ext_resource type="PackedScene" uid="uid://dco5d6ctqyu3x" path="res://models/pyramid_stairs.glb" id="1_q580k"]
[ext_resource type="Script" path="res://scenes/pyramid_stairs.gd" id="2_d7q3n"]
[ext_resource type="PackedScene" uid="uid://dalndq50y3yni" path="res://scenes/world/pyramid_laser.tscn" id="3_d8r2f"]
[ext_resource type="Shader" path="res://shaders/ghost.gdshader" id="5_hc6fr"]
[ext_resource type="AudioStream" uid="uid://c4vkmdq8i2tdw" path="res://sounds/the-anomaly-147581.mp3" id="5_qykdm"]

[sub_resource type="StandardMaterial3D" id="StandardMaterial3D_a1cro"]
albedo_color = Color(0.741176, 0.705882, 0.811765, 1)

[sub_resource type="BoxShape3D" id="BoxShape3D_qscby"]
size = Vector3(0.5, 0.5, 0.5)

[sub_resource type="CylinderMesh" id="CylinderMesh_w3no6"]
top_radius = 0.4
bottom_radius = 0.4
radial_segments = 4
cap_top = false
cap_bottom = false

[sub_resource type="ShaderMaterial" id="ShaderMaterial_waqfn"]
render_priority = 0
shader = ExtResource("5_hc6fr")
shader_parameter/albedo = Color(0.890196, 0.780392, 0.407843, 1)
shader_parameter/emission_color = Color(0.25098, 0.25098, 0.0509804, 1)
shader_parameter/emission_amount = 5.0
shader_parameter/rim_steepness = 3.0
shader_parameter/uv_scale = null
shader_parameter/uv_offset = null

[sub_resource type="BoxShape3D" id="BoxShape3D_585jn"]
size = Vector3(0.6, 1.8, 0.6)

[node name="pyramid_stairs" instance=ExtResource("1_q580k")]
script = ExtResource("2_d7q3n")

[node name="StaticBody3D" parent="pyramid" index="0"]
visible = false
collision_layer = 8
collision_mask = 0

[node name="activation_cube" parent="." index="3"]
surface_material_override/0 = SubResource("StandardMaterial3D_a1cro")

[node name="lasers" type="Node3D" parent="." index="7"]
transform = Transform3D(0.707107, 1.60554e-24, 0.707107, 3.48787e-16, 1, -3.48787e-16, -0.707107, 4.93259e-16, 0.707107, 0, 0, 0)

[node name="laser0" parent="lasers" index="0" node_paths=PackedStringArray("wire") instance=ExtResource("3_d8r2f")]
wire = NodePath("../../wire_000")

[node name="laser1" parent="lasers" index="1" node_paths=PackedStringArray("wire") instance=ExtResource("3_d8r2f")]
transform = Transform3D(-4.37114e-08, 3.48787e-16, 1, 3.48787e-16, 1, -3.48787e-16, -1, 3.48787e-16, -4.37114e-08, 2.08165e-12, 2.08165e-12, 2.08165e-12)
wire = NodePath("../../wire_001")

[node name="laser2" parent="lasers" index="2" node_paths=PackedStringArray("wire") instance=ExtResource("3_d8r2f")]
transform = Transform3D(-1, 3.48787e-16, -8.74228e-08, 3.48787e-16, 1, -3.48787e-16, 8.74228e-08, -3.48787e-16, -1, 2.08165e-12, 2.08165e-12, 2.08165e-12)
wire = NodePath("../../wire_003")

[node name="laser3" parent="lasers" index="3" node_paths=PackedStringArray("wire") instance=ExtResource("3_d8r2f")]
transform = Transform3D(-4.37114e-08, -3.48787e-16, -1, 3.48787e-16, 1, -3.48787e-16, 1, -3.48787e-16, -4.37114e-08, 2.08165e-12, 2.08165e-12, 2.08165e-12)
wire = NodePath("../../wire_002")

[node name="tower_socket" type="Area3D" parent="." index="8"]
transform = Transform3D(1, 0, 0, 0, 1, 0, 0, 0, 1, 0, 3.5842, 0)
collision_layer = 0
collision_mask = 8

[node name="CollisionShape3D" type="CollisionShape3D" parent="tower_socket" index="0"]
shape = SubResource("BoxShape3D_qscby")

[node name="AudioStreamPlayer" type="AudioStreamPlayer" parent="." index="9"]
stream = ExtResource("5_qykdm")

[node name="ghost" type="MeshInstance3D" parent="." index="10"]
transform = Transform3D(0.707107, 1.60554e-24, 0.707107, 3.48787e-16, 1, -3.48787e-16, -0.707107, 4.93259e-16, 0.707107, 0, 4.59661, 0)
mesh = SubResource("CylinderMesh_w3no6")
surface_material_override/0 = SubResource("ShaderMaterial_waqfn")

[node name="body" type="StaticBody3D" parent="ghost" index="0"]
transform = Transform3D(0.707107, 1.60554e-24, 0.707107, 3.48787e-16, 1, -3.48787e-16, -0.707107, 4.93259e-16, 0.707107, 0, 0, 0)
collision_layer = 16
collision_mask = 0

[node name="collision" type="CollisionShape3D" parent="ghost/body" index="0"]
shape = SubResource("BoxShape3D_585jn")

[connection signal="body_entered" from="tower_socket" to="." method="_on_tower_socket_body_entered"]
[connection signal="body_exited" from="tower_socket" to="." method="_on_tower_socket_body_exited"]
