[gd_scene load_steps=5 format=3 uid="uid://6p7osou2ey66"]

[sub_resource type="StandardMaterial3D" id="StandardMaterial3D_305su"]
albedo_color = Color(0.572549, 0.505882, 0.611765, 1)

[sub_resource type="PrismMesh" id="PrismMesh_2wxom"]
material = SubResource("StandardMaterial3D_305su")
size = Vector3(0.78, 0.44, 1.2)

[sub_resource type="StandardMaterial3D" id="StandardMaterial3D_cfjmt"]
albedo_color = Color(0.796078, 0.733333, 0.87451, 1)
emission_enabled = true
emission = Color(0.528458, 0.42667, 0.645999, 1)
backlight = Color(0, 0.627451, 0, 1)

[sub_resource type="CylinderMesh" id="CylinderMesh_6su5p"]
material = SubResource("StandardMaterial3D_cfjmt")
top_radius = 0.8
bottom_radius = 0.8
height = 1.19
radial_segments = 6
rings = 1

[node name="cube_pedestal" type="Node3D"]

[node name="seg0" type="MeshInstance3D" parent="."]
transform = Transform3D(1, 0, 0, 0, -4.37114e-08, -1, 0, 1, -4.37114e-08, 0, 0.506526, -0.51)
mesh = SubResource("PrismMesh_2wxom")
skeleton = NodePath("../..")

[node name="seg1" type="MeshInstance3D" parent="."]
transform = Transform3D(0.5, 0.866025, -3.78552e-08, 0, -4.37114e-08, -1, -0.866025, 0.5, -2.18557e-08, -0.447137, 0.506526, -0.255413)
mesh = SubResource("PrismMesh_2wxom")
skeleton = NodePath("../..")

[node name="seg2" type="MeshInstance3D" parent="."]
transform = Transform3D(-0.5, 0.866025, -3.78552e-08, 0, -4.37114e-08, -1, -0.866025, -0.5, 2.18557e-08, -0.445621, 0.506526, 0.256423)
mesh = SubResource("PrismMesh_2wxom")
skeleton = NodePath("../..")

[node name="seg3" type="MeshInstance3D" parent="."]
transform = Transform3D(-1, -8.74228e-08, 3.82137e-15, 0, -4.37114e-08, -1, 8.74228e-08, -1, 4.37114e-08, 0, 0.506526, 0.51)
mesh = SubResource("PrismMesh_2wxom")
skeleton = NodePath("../..")

[node name="seg4" type="MeshInstance3D" parent="."]
transform = Transform3D(-0.5, -0.866026, 3.78552e-08, 0, -4.37114e-08, -1, 0.866026, -0.5, 2.18557e-08, 0.445345, 0.506526, 0.255974)
mesh = SubResource("PrismMesh_2wxom")
skeleton = NodePath("../..")

[node name="seg5" type="MeshInstance3D" parent="."]
transform = Transform3D(0.5, -0.866025, 3.78552e-08, 0, -4.37114e-08, -1, 0.866025, 0.5, -2.18557e-08, 0.446055, 0.506526, -0.257516)
mesh = SubResource("PrismMesh_2wxom")
skeleton = NodePath("../..")

[node name="core" type="MeshInstance3D" parent="."]
transform = Transform3D(0.866025, 0, 0.5, 0, 1, 0, -0.5, 0, 0.866025, 0, 0.506526, 0)
mesh = SubResource("CylinderMesh_6su5p")
skeleton = NodePath("../..")
